0.027351
-0.000652
0.000987
-0.000028
0.000029
0.001539
-0.001030
-0.001667
0.000610
0.000163
-0.000674
-0.000004
0.000015
-0.000094
0.000094
0.000019
0.000527
-0.000377
-0.000210
0.000219
-0.000066
0.000426
0.000112
-0.000677
0.000647
0.000051
-0.000427
0.001152
-0.000512
0.000501
-0.000412
-0.000564
0.000209
0.000459
-0.000380
-0.000189
0.000049
0.000745
-0.000540
-0.000108
0.000247
0.000021
0.000529
-0.000379
0.000039
0.000006
0.000042
0.000052
0.000064
0.000021
0.000059
0.000017
0.000161
-0.000068
0.000237
-0.000079
0.000191
-0.000073
0.000169
-0.000001
0.000119
0.000004
0.000091
-0.000010
0.000016
0.000139
0.000023
0.000256
0.000825
0.001083
0.000737
0.000182
-0.000285
-0.001402
-0.000280
0.000367
-0.000273
0.000418
-0.000237
0.000301
-0.000271
0.000422
0.000473
-0.000580
0.001154
-0.000222
0.001579
-0.001689
0.000767
0.000956
-0.001182
0.000189
0.000006
0.000424
0.000860
-0.000697
0.000919
0.000059
-0.000582
0.000291
-0.000044
0.000384
-0.000290
0.000435
-0.000059
0.000313
-0.000211
0.000340
-0.000017
0.000973
0.000087
0.000985
0.001171
-0.001600
-0.000801
0.002055
0.000819
-0.001516
-0.000895
0.001475
0.000600
-0.001698
0.001346
-0.000338
0.000622
-0.001233
0.000656
-0.000157
0.000408
-0.000326
0.000611
-0.000430
0.000766
-0.000423
0.000669
-0.000288
0.002926
-0.002719
0.000644
-0.000420
0.000794
-0.000566
0.000809
-0.000477
0.000816
-0.000467
0.000947
-0.000517
0.000886
-0.000502
0.000755
-0.000349
0.000805
-0.000514
0.000877
-0.000292
0.000617
-0.000473
0.000811
-0.000494
0.000911
-0.000573
0.000913
-0.000441
0.000876
-0.000519
0.000887
-0.000391
0.000811
-0.000639
0.000977
-0.000536
0.001080
-0.000790
0.003697
-0.000569
-0.001584
-0.000465
0.000883
-0.000634
0.001018
-0.000596
0.000784
-0.000588
0.001164
-0.000570
0.000799
-0.000482
0.001045
-0.000721
