67
48
85
69
74
112
104
268
161
182
177
179
176
169
167
172
175
174
175
175
828
202
202
201
202
202
201
202
202
203
565
293
223
223
223
223
223
223
223
223
223
222
217
217
217
217
217
217
217
217
217
217
217
217
2053
251
251
251
251
251
251
251
1070
396
266
266
266
266
266
266
266
266
266
266
266
266
266
266
266
266
266
266
266
266
266
266
266
266
266
266
266
266
266
266
266
266
266
266
266
266
266
266
266
266
266
266
266
266
266
266
266
266
266
266
266
266
266
266
266
266
266
266
266
266
266
266
266
266
266
266
266
266
266
266
266
266
266
266
266
266
266
266
266
266
266
266
266
266
5449
301
301
301
301
301
301
301
301
301
301
301
301
301
301
301
301
301
301
301
301
301
301
301
301
301
301
301
301
301
301
301
301
301
301
301
301
301
301
301
301
301
