0
67
115
200
269
343
455
559
827
988
1170
1347
1526
1702
1871
2038
2210
2385
2559
2734
2909
3737
3939
4141
4342
4544
4746
4947
5149
5351
5554
6119
6412
6635
6858
7081
7304
7527
7750
7973
8196
8419
8641
8858
9075
9292
9509
9726
9943
10160
10377
10594
10811
11028
11245
13298
13549
13800
14051
14302
14553
14804
15055
16125
16521
16787
17053
17319
17585
17851
18117
18383
18649
18915
19181
19447
19713
19979
20245
20511
20777
21043
21309
21575
21841
22107
22373
22639
22905
23171
23437
23703
23969
24235
24501
24767
25033
25299
25565
25831
26097
26363
26629
26895
27161
27427
27693
27959
28225
28491
28757
29023
29289
29555
29821
30087
30353
30619
30885
31151
31417
31683
31949
32215
32481
32747
33013
33279
33545
33811
34077
34343
34609
34875
35141
35407
35673
35939
36205
36471
36737
37003
37269
37535
37801
38067
38333
38599
38865
44314
44615
44916
45217
45518
45819
46120
46421
46722
47023
47324
47625
47926
48227
48528
48829
49130
49431
49732
50033
50334
50635
50936
51237
51538
51839
52140
52441
52742
53043
53344
53645
53946
54247
54548
54849
55150
55451
55752
56053
56354
56655
