0.000000
0.027351
0.026699
0.027687
0.027659
0.027688
0.029227
0.028197
0.026530
0.027140
0.027303
0.026629
0.026625
0.026640
0.026546
0.026640
0.026658
0.027185
0.026808
0.026598
0.026818
0.026751
0.027177
0.027289
0.026612
0.027260
0.027310
0.026883
0.028035
0.027523
0.028024
0.027613
0.027048
0.027257
0.027717
0.027337
0.027148
0.027197
0.027942
0.027402
0.027294
0.027541
0.027562
0.028091
0.027712
0.027751
0.027757
0.027799
0.027851
0.027915
0.027936
0.027995
0.028012
0.028173
0.028104
0.028341
0.028262
0.028454
0.028381
0.028550
0.028549
0.028668
0.028672
0.028763
0.028752
0.028769
0.028908
0.028931
0.029187
0.030011
0.031094
0.031832
0.032014
0.031729
0.030327
0.030047
0.030414
0.030141
0.030559
0.030322
0.030623
0.030352
0.030774
0.031248
0.030668
0.031822
0.031600
0.033179
0.031490
0.032256
0.033213
0.032031
0.032220
0.032226
0.032650
0.033509
0.032812
0.033731
0.033790
0.033208
0.033499
0.033455
0.033838
0.033549
0.033984
0.033925
0.034238
0.034027
0.034368
0.034351
0.035324
0.035411
0.036396
0.037567
0.035967
0.035166
0.037221
0.038040
0.036524
0.035630
0.037105
0.037705
0.036008
0.037354
0.037016
0.037637
0.036405
0.037061
0.036904
0.037312
0.036986
0.037597
0.037167
0.037933
0.037510
0.038179
0.037891
0.040817
0.038098
0.038741
0.038321
0.039115
0.038549
0.039358
0.038881
0.039697
0.039229
0.040176
0.039659
0.040545
0.040043
0.040799
0.040450
0.041255
0.040741
0.041618
0.041326
0.041943
0.041471
0.042282
0.041788
0.042699
0.042126
0.043039
0.042598
0.043474
0.042955
0.043842
0.043451
0.044263
0.043623
0.044600
0.044065
0.045145
0.044355
0.048052
0.047482
0.045898
0.045433
0.046316
0.045682
0.046700
0.046104
0.046888
0.046300
0.047464
0.046893
0.047692
0.047210
0.048256
0.047534
